33
314
279
198
181
493
5
275
527
585
106
91
4
333
52
51
21
105
291
19
439
311
52
590
971
53
4
36
4
790
371
83
227
109
234
277
379
391
42
4
4
611
628
727
1550
1096
1225
31
10
4
24
108
10
36
527
284
4
138
17
59
598
448
14
4
583
24
30
4
4
66
36
184
37
103
42
53
250
367
374
328
355
43
255
357
270
317
46
29
53
9
10
49
49
39
215
107
108
116
162
113
4
45
311
295
8
46
338
376
38
13
14
299
215
23
12
1103
776
524
17
1089
4
62
174
20
4
19
48
12
18
19
12
4
51
18
15
4
4
10
8
20
12
4
15
21
744
430
272
10
56
93
1171
782
820
305
300
12
239
258
69
4
10
16
123
12
4
4
20
5
4
16
12
20
8
7
4
13
37
10
11
7
44
118
16
93
26
20
5
17
71
20
5
8
4
4
6
8
12
4
19
12
7
21
4
8
20
4
4
4
12
11
4
9
12
4
4
125
385
137
358
231
370
422
46
208
147
269
59
344
97
261
287
8
16
7
197
203
15
356
248
8
8
8
4
6
8
386
825
13
22
37
276
6
16
30
16
139
123
28
23
40
226
20
4
8
4
8
4
4
24
25
24
4
20
16
25
170
4
4
92
4
21
17
8
4
4
4
16
12
4
151
12
4
4
4
103
4
10
16
231
33
93
1167
108
1472
64
818
60
4
343
335
4
684
206
781
9
8
435
1163
837
9
35
28
16
18
112
4
1156
1387
51
52
4
4
26
4
20
13
234
26
27
71
8
4
4
308
410
301
13
8
19
218
546
9
607
56
373
69
377
46
55
22
37
477
158
8
15
4
126
8
258
5
266
592
4
21
301
192
28
214
20
17
24
317
91
187
4
16
20
4
440
126
130
160
4
399
394
97
16
22
8
59
4
4
121
403
485
792
401
1045
4
714
1090
17
263
12
24
8
440
521
412
44
16
159
12
479
66
429
1330
233
342
800
354
428
32
1061
302
1476
577
327
292
966
962
287
16
319
312
1878
457
940
1323
16
304
234
96
257
4
8
561
225
405
166
50
91
407
151
275
161
32
4
4
23
4
185
93
44
699
709
4
815
383
16
1212
16
13
1398
8
4
8
1179
4
24
34
22
12
4
126
202
4
84
4
114
155
186
100
4
4
4
6
4
4
15
165
40
335
4
39
31
4
4
4
668
791
722
13
8
11
5
26
531
258
12
4
19
8
4
16
4
4
4
305
4
673
44
55
281
204
318
4
22
50
473
23
61
41
30
49
54
842
312
23
65
12
44
131
340
46
46
59
144
4
137
463
328
28
16
4
83
330
371
46
168
137
24
24
12
4
5
156
33
4
49
41
415
17
558
100
12
7
4
8
8
24
40
4
8
12
90
20
16
21
21
20
28
13
4
8
8
8
8
12
9
506
224
219
4
4
4
21
9
4
8
15
88
4
12
4
11
4
11
12
76
8
4
4
137
4
12
8
83
327
22
185
20
27
112
8
214
4
10
4
447
110
174
135
195
16
63
24
36
95
16
16
12
72
12
4
4
146
4
4
4
4
8
30
30
205
36
21
10
60
12
198
13
39
16
174
12
4
45
4
401
36
27
12
12
65
8
19
29
12
127
141
28
52
22
15
8
86
127
16
69
162
133
827
192
55
181
4
23
32
8
18
381
76
17
4
49
258
8
142
4
6
67
331
59
58
8
8
4
8
6
291
4
4
36
34
206
213
3
12
1460
1350
20
4
12
8
1797
1554
4
25
4
24
8
16
16
172
36
16
26
9
4
4
20
23
12
45
8
4
76
8
4
20
199
50
14
4
59
90
16
12
28
58
123
16
752
1489
234
21
49
920
252
38
34
156
168
299
226
40
136
12
4
501
1119
1230
95
85
169
4
4
4
1222
1161
6
693
276
493
458
4
4
21
0
102
61
430
1644
8
94
0
40
188
101
1247
986
40
110
93
32
251
271
4
24
866
62
17
50
103
1
362
763
318
1213
4
38
141
143
168
2
727
160
298
399
1098
867
1853
822
80
1605
562
169
196
118
1257
6
400
860
885
23
675
150
290
51
824
201
4
55
243
369
194
589
4
548
9
5
816
301
0
231
4
11
67
60
1136
56
49
388
444
1158
592
1428
281
1093
237
176
1920
187
12
919
948
1617
74
82
192
220
883
1215
51
55
1089
1274
944
212
1621
1421
126
354
87
602
149
271
200
93
1676
939
1689
1697
242
102
253
1268
736
448
426
299
271
1164
89
298
555
229
454
171
1405
193
83
116
318
185
6
5
286
74
246
207
1838
22
333
1030
637
1110
294
412
109
1019
1236
1041
137
1043
41
138
634
870
57
287
