25
51
23
43
12
216
4
95
93
372
92
85
3
166
51
50
19
10
133
19
105
24
41
13
69
9
4
3
3
42
220
16
65
19
65
129
36
5
33
4
4
121
413
458
364
282
366
18
8
4
5
65
4
4
454
30
4
66
7
22
6
281
8
2
210
5
7
2
4
19
14
45
6
22
12
11
59
79
135
132
46
8
20
162
38
112
31
8
16
4
4
37
25
13
55
11
4
62
63
94
4
8
239
39
8
12
52
211
4
4
3
48
36
17
8
661
382
261
6
54
4
14
123
7
4
11
21
8
8
7
4
4
4
8
4
4
4
4
2
18
12
4
4
4
17
7
21
10
19
15
998
168
60
67
57
8
74
91
65
4
6
7
20
4
4
4
6
4
4
10
12
4
8
7
4
7
20
2
4
4
9
22
8
6
4
3
4
13
46
20
4
8
4
4
4
7
4
4
17
4
7
4
4
4
10
4
4
4
7
5
4
4
4
4
4
8
186
23
137
115
93
217
13
72
52
105
16
146
24
62
138
8
12
4
59
72
4
231
13
8
8
4
4
4
4
149
649
2
6
8
177
3
12
4
16
22
45
3
19
38
173
12
4
4
4
8
4
4
8
14
24
4
4
4
4
43
4
3
68
4
4
3
8
4
4
4
16
12
3
32
2
0
4
4
50
4
4
4
3
17
58
388
20
506
3
19
4
1
168
195
2
510
180
496
4
4
184
313
473
7
24
17
12
0
37
4
96
79
32
12
3
4
21
4
7
4
155
2
10
4
8
4
4
42
191
106
12
4
4
8
28
4
313
8
126
11
240
18
10
12
1
195
156
7
15
4
51
4
209
4
66
44
4
3
126
83
20
64
20
13
8
136
57
47
4
8
8
4
75
53
39
19
4
20
142
32
10
9
4
7
4
1
42
61
236
372
21
68
4
42
32
4
33
12
24
8
120
61
313
7
5
20
5
123
6
116
714
51
24
28
29
392
12
520
50
159
172
56
98
583
84
150
7
50
127
138
178
87
119
8
210
223
77
59
4
8
256
139
380
122
22
31
260
50
95
99
20
4
4
21
4
9
10
34
90
125
4
67
295
0
85
8
0
456
3
4
4
293
4
4
26
4
12
3
107
1
4
43
4
103
87
81
8
4
4
4
5
0
4
4
22
3
1
4
34
4
4
4
4
315
227
12
13
4
4
4
13
185
49
12
0
10
8
4
10
4
4
4
162
4
236
4
37
49
13
3
4
20
40
271
8
33
19
7
4
4
142
295
16
5
11
36
87
148
42
18
30
57
4
36
428
238
7
7
4
35
87
95
15
50
121
19
20
10
4
4
73
29
4
21
38
118
2
366
8
4
4
4
4
8
7
15
4
4
8
14
17
16
11
3
15
18
3
4
4
4
3
7
8
5
59
216
46
4
4
4
13
9
4
8
12
72
4
10
4
4
4
8
8
37
8
4
4
4
4
8
2
72
207
12
7
3
4
23
8
28
4
10
4
155
38
35
93
71
8
17
8
21
83
4
4
4
71
4
4
4
60
4
4
3
1
8
17
4
97
25
2
4
46
4
185
11
23
10
161
4
4
27
4
78
3
4
4
6
25
7
8
20
12
7
128
24
10
8
8
4
32
44
15
18
30
37
100
27
27
6
4
3
21
5
18
193
42
0
4
4
158
8
8
4
4
14
298
12
43
4
6
4
2
4
101
4
4
4
4
202
51
2
4
81
23
11
4
12
8
69
40
4
10
4
2
8
7
9
90
3
4
14
3
4
1
0
14
11
28
4
4
59
2
4
15
138
11
10
3
15
54
8
7
14
24
90
6
452
646
13
9
44
573
203
7
3
135
135
51
136
1
2
10
4
418
442
513
86
57
158
4
3
4
384
945
4
479
241
326
32
4
2
4
0
22
8
72
702
0
6
0
0
27
30
400
635
34
55
60
6
109
99
0
20
388
4
0
31
22
0
10
115
195
751
0
19
18
4
1
1
183
16
122
47
269
322
1681
326
21
289
183
79
18
97
632
0
50
51
486
17
341
1
39
24
420
22
0
14
7
266
106
390
0
235
0
2
211
92
0
0
0
0
18
35
422
13
17
29
21
421
338
871
5
577
21
7
835
71
2
382
305
1491
29
6
96
142
211
999
5
27
554
850
777
28
1394
1071
68
72
39
507
14
66
74
7
804
175
753
824
122
29
221
133
465
277
344
247
219
1090
65
231
175
1
232
37
788
153
2
30
44
41
5
1
153
41
17
1
1508
9
40
778
261
568
287
405
3
144
30
38
2
491
24
75
243
347
17
16
