173.637115
176.266968
168.068176
169.000000
211.254974
180.553848
138.204544
176.569458
214.631836
170.191452
170.024994
164.160004
132.177948
175.580643
173.136368
162.894730
160.989166
168.580261
163.945435
150.194717
233.813065
195.448776
170.826477
166.564178
170.984329
170.099213
140.130432
167.184433
149.012665
177.670135
174.220520
163.120102
171.087357
156.125000
172.679047
171.520828
175.254471
209.795395
150.464203
131.000000
148.062027
260.247070
192.120010
222.629852
271.499054
250.147247
260.461273
156.919861
138.982803
132.011536
136.279999
166.431870
133.493896
134.621353
208.339691
180.240005
132.018448
171.777771
142.006241
148.042816
263.201294
258.653351
151.361450
131.025406
264.409088
179.018494
162.214279
132.171799
132.008728
164.265823
187.102341
187.001343
185.068817
188.250000
189.432144
195.924454
193.451614
198.817307
209.531235
210.562134
198.531906
203.904755
191.666626
205.764923
210.793961
199.449997
200.410431
203.453613
178.120529
203.378311
186.101761
200.239685
159.079544
164.906250
189.100632
186.919998
204.750000
191.839996
188.059845
206.134293
131.609756
159.006577
208.775574
206.047623
157.192764
158.014511
190.680847
209.503296
148.071838
163.401672
141.177521
149.133850
160.116425
159.015747
154.800858
221.899765
213.044754
261.751373
150.988922
232.838379
137.055923
154.114792
218.706787
151.977356
143.145157
140.986313
152.033371
141.601669
142.055176
150.052353
139.085098
161.480164
182.877289
134.063278
142.167801
142.002975
148.196686
143.167526
150.022476
153.328812
155.601608
151.017456
141.892334
155.449707
146.510483
160.440399
166.046677
138.734695
174.120392
153.569305
219.692139
240.992706
207.610779
204.053436
169.118286
162.184525
201.925003
208.039063
168.449142
133.438110
139.328537
148.869827
163.390244
138.975433
137.315063
145.024994
145.721085
133.781250
143.125000
168.360001
165.948975
149.236710
148.405899
134.186951
135.922073
138.568176
175.024704
153.892487
150.095749
132.905487
154.204544
165.320007
138.845490
163.225006
176.755554
135.188461
136.895462
185.026291
211.520004
191.355392
199.200378
142.580643
138.826462
143.072723
154.983688
132.231888
148.475006
156.176468
148.014267
143.391129
155.165085
141.532898
135.637238
139.014145
142.593140
149.240036
137.948120
133.767441
149.422409
144.008331
133.011902
147.683258
152.148438
131.315292
143.662766
154.787155
170.699448
143.076004
230.000351
139.555557
259.125000
259.657776
188.000000
187.153656
185.399994
189.039703
172.000000
204.149994
159.469162
169.245697
180.037659
139.296051
192.160004
145.778229
178.039993
172.320175
159.400757
276.827850
143.938461
141.165817
140.432266
145.363632
135.836487
157.900177
137.742920
187.531113
191.321884
139.125000
196.102798
159.197433
195.112061
139.805481
180.665146
140.756149
153.661407
158.130432
158.688522
150.315796
156.862228
174.799301
181.001083
163.666092
139.075623
157.099182
139.385696
146.017075
140.880325
137.123734
157.107452
183.975403
184.123734
167.125000
136.013885
137.336533
130.720245
165.578888
131.898438
136.438110
174.881027
142.000870
139.053009
131.428574
139.002777
136.028229
146.793610
130.842102
182.594177
161.778015
134.475723
191.476303
143.283447
153.001099
132.449280
137.064514
147.720245
143.666672
134.495895
158.729446
159.391312
164.125000
177.709930
215.572708
220.601303
213.988770
168.848083
136.809998
159.594589
132.109100
150.934998
147.982376
142.500000
204.811356
175.632507
218.772324
148.586716
150.653076
161.813187
236.852661
216.280899
187.066254
176.207764
178.203339
145.309097
143.306824
179.515244
146.216217
210.180145
210.813339
172.408447
169.276001
145.725922
138.128418
195.419922
132.072678
158.000702
136.905823
156.917175
173.880005
157.266663
142.182236
130.025635
137.059525
147.520004
246.249451
209.245102
198.556030
176.716660
174.192764
172.071030
167.013168
219.159088
135.002716
179.725235
142.859695
177.210403
154.592773
230.114197
169.138458
189.063828
192.091446
134.446426
178.571426
201.480988
145.580002
147.444443
187.253479
204.012070
153.636368
223.116409
135.792908
203.797867
217.462418
143.038132
146.551132
195.645004
190.641891
168.952972
200.247421
164.000763
180.311539
141.870132
204.036545
189.002060
202.835968
139.177780
148.554245
150.062500
139.839523
236.109436
213.712250
224.781555
221.426910
137.880234
226.864227
183.514191
165.612839
142.838409
171.565414
147.380814
138.755112
149.070343
135.280701
193.265625
231.999313
216.240082
207.744659
240.050354
225.414276
132.065857
227.815994
236.396225
151.086578
198.320923
142.976349
151.002914
131.685974
208.548584
208.753143
240.090088
136.909637
141.250000
218.926468
164.145828
219.138702
187.225479
172.061661
236.120224
227.041672
213.181152
146.771423
219.720245
240.491135
176.863922
223.313751
206.612503
267.724670
222.421051
225.050842
200.992264
241.590332
202.103775
230.832367
141.711517
162.122116
218.605606
272.627289
232.643906
210.948914
220.923935
147.201920
169.180176
172.399994
154.800003
163.865601
144.266510
151.774994
232.004868
227.283203
182.010315
217.593750
188.617538
178.417084
177.816742
194.765762
217.610428
156.050629
149.402771
136.617340
154.180145
201.992767
132.074402
166.653931
154.052628
164.706696
228.492340
224.818710
139.555618
200.462692
149.000000
149.822754
209.902664
160.449799
136.313385
228.701691
138.333328
141.111298
138.003571
233.798416
150.380264
173.821045
169.157898
145.355560
145.147537
133.530884
171.704163
167.644775
135.163300
192.032150
139.457672
172.720001
255.723969
250.042892
153.071426
135.195313
165.192856
134.086426
141.223145
162.031754
139.455582
161.420135
162.587296
132.241379
169.489899
158.886627
173.419998
133.518677
152.870132
139.580505
133.210983
181.595718
180.083908
179.463165
142.115875
135.430557
171.680008
201.030472
156.213379
206.475327
200.001526
151.781448
130.006363
169.019730
142.112503
164.139206
151.496628
132.010513
160.415878
135.054047
174.962204
136.063248
204.330246
133.022507
175.827179
168.642242
158.116379
151.890442
152.790604
191.709351
150.000000
177.463348
145.430695
155.857803
145.861389
133.391266
147.542603
141.027771
175.375000
186.030746
154.268906
157.062881
144.769882
154.310562
159.112030
186.446945
159.123856
136.846161
147.923813
163.022278
137.319626
171.815308
157.445709
159.142868
136.639343
162.361603
159.121216
157.325745
160.921295
186.700760
163.693970
163.308136
160.039520
155.369003
162.250000
155.605774
143.316010
144.168823
165.205002
152.250000
133.764832
139.720001
167.576584
155.422867
145.728455
184.601135
150.516983
151.184158
148.104309
145.849060
139.679352
206.188141
154.004166
152.596161
140.797104
142.710144
139.365265
160.463715
158.920074
139.083908
145.016663
152.142853
171.007553
159.445099
145.105774
134.916672
149.141663
149.040909
131.613327
152.964905
143.526321
203.406433
208.029221
173.882462
199.234131
146.557892
136.470642
131.015091
163.424072
170.562164
147.301834
160.698975
157.025635
171.903168
166.760559
169.101242
137.003738
134.485825
136.077591
162.155334
161.930939
157.112427
139.901855
133.020828
137.012573
167.935425
141.685181
151.531921
141.183701
157.734436
168.442429
150.579224
150.533081
143.025833
134.944122
138.254898
160.669479
142.202271
136.865112
134.264709
144.680557
195.939713
166.867432
186.004715
190.688202
175.051224
161.008331
190.440994
154.773254
179.955063
181.533127
141.884186
137.843140
144.735580
166.130325
145.877563
148.861542
136.035812
178.068680
131.030487
139.686432
143.655579
132.214279
145.414581
157.001984
149.399994
186.417404
181.023834
150.904037
146.039902
182.489899
167.729004
163.014542
164.767334
175.511627
152.146820
146.603333
165.765045
147.756851
143.352875
160.737198
163.889023
139.741028
202.531250
207.278488
206.886429
159.218491
159.391327
152.955231
162.002609
144.136261
210.419693
186.248566
165.367371
168.112762
143.125000
159.008469
164.591873
182.162338
199.012360
176.518753
191.063049
143.024994
191.671799
201.912048
187.000000
167.020828
145.009613
132.125000
155.353760
164.007584
144.038132
152.522522
169.289398
185.658218
131.214996
147.107239
148.081680
211.000488
172.628448
152.830246
151.647064
160.805496
135.164795
157.168030
165.806824
161.645004
145.337494
143.351852
134.074158
134.015152
146.000595
205.786850
134.024994
137.363632
158.226349
146.001099
182.307968
191.088882
134.196686
175.206436
240.678116
230.339279
158.942307
134.002609
160.125000
163.077499
243.441772
232.346268
138.854263
154.429825
141.020615
158.094620
134.806824
156.864410
139.369003
173.781784
148.706360
168.002472
172.163437
135.480270
130.284088
149.142853
155.074188
170.134613
164.851944
137.510254
137.013885
145.045395
142.431961
138.114487
131.413361
150.061874
221.188812
189.205093
161.042557
156.661011
151.687500
166.491379
142.255325
145.502975
176.941742
222.006897
240.492310
144.278412
169.572205
258.960968
136.343750
130.843460
157.360123
226.562332
230.094742
146.653061
139.226349
239.858841
213.981125
147.305847
210.022720
149.680557
224.046967
152.625000
143.681458
219.347824
222.272812
229.889694
161.199997
176.027771
237.737198
140.284088
139.208374
137.206635
197.422745
215.280258
158.038788
223.280914
185.236511
221.127655
256.246246
133.165253
147.492905
175.000000
145.920105
151.391022
146.902634
210.373093
258.594849
147.660339
147.863647
142.011200
141.490311
142.232819
141.597061
202.083328
160.331635
142.439804
148.167999
143.003571
166.176468
139.284088
145.211212
130.491272
132.618149
182.210526
134.907410
135.072845
188.210526
155.408905
130.471222
219.413406
170.941177
164.225464
246.444443
147.560043
136.692093
150.766891
167.247345
152.117920
138.893616
197.537277
180.004166
138.875000
241.513748
176.336380
180.085419
265.662262
166.055557
140.000626
212.930450
176.368423
138.164474
155.293610
166.001083
177.302475
143.550568
198.407059
167.562500
179.414917
150.315292
214.782776
145.279999
142.244537
147.403336
175.985291
140.040878
137.876221
149.113495
139.396545
152.645157
165.434601
190.498047
140.380753
162.888672
137.840912
137.831329
196.888885
137.642853
135.422165
156.690002
132.281982
142.827591
160.000000
134.000900
150.892471
152.119598
135.224503
147.208328
231.000000
233.222229
137.837128
187.106888
139.265930
165.552734
139.375000
137.874527
220.768799
203.644730
134.942200
163.635757
167.216476
196.474609
147.746490
141.707275
139.066666
140.733749
172.750000
188.479294
148.436401
152.094955
195.222229
222.219498
174.937943
138.000778
209.362442
209.336121
141.741226
154.187500
142.380936
154.308792
158.281601
131.657608
172.259583
146.432144
229.328934
194.672226
201.159775
232.597855
135.591858
155.050003
151.041672
184.970688
182.736588
171.384705
145.358292
136.478775
149.431381
189.399887
152.326996
164.577271
143.426666
132.178268
157.975540
158.576584
186.741074
147.816452
130.083969
162.164993
177.801285
154.718597
135.720078
144.843033
159.781387
152.253372
130.124146
136.672226
259.142120
142.923248
140.666672
161.702484
204.024704
179.780487
144.353912
144.936081
155.244003
147.722137
160.836761
161.875717
134.371353
155.770050
144.562500
151.552734
136.134277
181.299881
145.040329
151.134644
